0.80332000443603468 -0.31113250443603474 0.50781250000000000 
0.79753481882962218 -0.31315981882962213 0.51562500000000000 
0.79166053918176227 -0.31509803918176227 0.52343750000000000 
0.78569621138679224 -0.31694621138679219 0.53125000000000000 
0.77964082305207405 -0.31870332305207399 0.53906250000000000 
0.77349330072459810 -0.32036830072459804 0.54687500000000000 
0.76725250688009694 -0.32194000688009689 0.55468750000000000 
0.76091723665304600 -0.32341723665304600 0.56250000000000000 
0.75448621428335538 -0.32479871428335538 0.57031250000000000 
0.74795808925263751 -0.32608308925263751 0.57812500000000000 

-0.32835472974046714 0.73460472974046720 0.59375000000000000 
-0.33288987007807902 0.64538987007807902 0.68750000000000000 
-0.31824788073137528 0.53699788073137522 0.78125000000000000 
-0.27407280044590648 0.39907280044590648 0.87500000000000000 
-0.15906781074217108 0.19031781074217108 0.96875000000000000 
6
