0.8033200044360348 -0.3111325044360348 0.5078125
0.79753481882962218 -0.31315981882962218 0.515625
0.79166053918176238 -0.31509803918176227 0.5234375
0.78569621138679224 -0.31694621138679213 0.53125
0.77964082305207394 -0.31870332305207399 0.5390625
0.77349330072459799 -0.3203683007245981 0.546875
0.76725250688009683 -0.321940006880097 0.5546875
0.760917236653046 -0.32341723665304606 0.5625
0.75448621428335527 -0.32479871428335538 0.5703125
0.74795808925263751 -0.32608308925263757 0.578125

-0.3283547297404672 0.7346047297404672 0.59375
-0.33288987007807896 0.64538987007807891 0.6875
-0.31824788073137533 0.53699788073137533 0.78125
-0.27407280044590648 0.39907280044590659 0.875
-0.15906781074217122 0.19031781074217125 0.96875
6